405 1.06161666667
415 1.06027
425 1.05908333333
435 1.05874666667
445 1.06128666667
455 1.05977
465 1.05687666667
475 1.05552
485 1.0551
495 1.05417666667
505 1.05374
515 1.05563333333
525 1.05222
535 1.05289
545 1.05194333333
555 1.04964
565 1.04987
575 1.05050333333
585 1.04942666667
595 1.05094666667
605 1.04777
615 1.04824666667
625 1.04819666667
635 1.04667666667
645 1.04533
655 1.04474333333
665 1.04566333333
675 1.04509
685 1.04478
695 1.04487666667
705 1.04435666667
715 1.04389666667
725 1.04300333333
735 1.04310333333
745 1.04274333333
755 1.04283333333
765 1.04226666667
775 1.04211666667
785 1.04171
795 1.04168333333
