401 1.87621666667
410 1.96680666667
420 2.02844333333
430 2.08988333333
440 2.15929333333
450 2.22332
460 2.28635333333
470 2.35734
480 2.42488333333
490 2.49929333333
500 2.57532666667
510 2.65917666667
520 2.73248666667
530 2.81355666667
540 2.89513333333
550 2.97662
560 3.06528666667
570 3.15520333333
580 3.24526666667
590 3.34345333333
600 3.43016666667
610 3.5306
620 3.62931333333
630 3.72874666667
640 3.82557
650 3.93574
660 4.04454333333
670 4.15096
680 4.26543666667
690 4.38466
700 4.49963666667
710 4.61438666667
720 4.73088666667
730 4.85880666667
740 4.98502666667
750 5.11518
760 5.24850333333
770 5.38017666667
780 5.51517333333
790 5.65160333333
