405 0.480060666667
415 0.471237333333
425 0.462343
435 0.452949666667
445 0.445465666667
455 0.436396333333
465 0.426439333333
475 0.417669
485 0.408780333333
495 0.399863333333
505 0.391077666667
515 0.383293
525 0.373913666667
535 0.365250333333
545 0.356481666667
555 0.347705666667
565 0.33917
575 0.331456333333
585 0.323146666667
595 0.315807
605 0.306882666667
615 0.299228
625 0.291668
635 0.283975
645 0.276783333333
655 0.269341
665 0.262214
675 0.254967
685 0.248330666667
695 0.242052
705 0.235909333333
715 0.229525333333
725 0.223442
735 0.217842666667
745 0.212233
755 0.206911666667
765 0.201871666667
775 0.196968333333
785 0.192244
795 0.187797
