405 0.90773
415 0.893391
425 0.879059666667
435 0.864703333333
445 0.852665666667
455 0.838245
465 0.821705333333
475 0.807964333333
485 0.793283
495 0.778935666667
505 0.765165333333
515 0.752917333333
525 0.737439666667
535 0.723395
545 0.709297666667
555 0.695016333333
565 0.681393333333
575 0.668093333333
585 0.654334
595 0.641853333333
605 0.627403
615 0.614834333333
625 0.601996666667
635 0.588487666667
645 0.575926
655 0.56309
665 0.551017
675 0.538687333333
685 0.526769
695 0.515463333333
705 0.503612666667
715 0.491457666667
725 0.479958666667
735 0.469106333333
745 0.458186333333
755 0.447476666667
765 0.437172333333
775 0.426410333333
785 0.416241666667
795 0.406507333333
