405 0.786464333333
415 0.770104666667
425 0.753945
435 0.737707
445 0.723412333333
455 0.706748666667
465 0.688987666667
475 0.672727
485 0.656505
495 0.6409
505 0.625582
515 0.611425
525 0.593542333333
535 0.578570666667
545 0.564933666667
555 0.549976333333
565 0.535795666667
575 0.52178
585 0.507841333333
595 0.495099
605 0.480203333333
615 0.467540333333
625 0.454732
635 0.441914666667
645 0.429706
655 0.417815666667
665 0.406311333333
675 0.394806666667
685 0.383683666667
695 0.373611
705 0.363531666667
715 0.353258333333
725 0.343904
735 0.335331333333
745 0.326692666667
755 0.31855
765 0.310930333333
775 0.303439666667
785 0.296485
795 0.290307
