405 0.762626333333
415 0.759505
425 0.755551
435 0.752198333333
445 0.749906333333
455 0.745679333333
465 0.741281
475 0.737221
485 0.733010666667
495 0.728939333333
505 0.725406666667
515 0.723291333333
525 0.718246333333
535 0.714658
545 0.710075666667
555 0.703819333333
565 0.700342
575 0.698113666667
585 0.693991666667
595 0.690817666667
605 0.6855
615 0.681743666667
625 0.677668
635 0.672892333333
645 0.669002
655 0.664777666667
665 0.661094333333
675 0.656418
685 0.652356333333
695 0.648931
705 0.643848
715 0.639467666667
725 0.634981333333
735 0.630544333333
745 0.626429333333
755 0.622952333333
765 0.618734666667
775 0.614452666667
785 0.609967333333
795 0.605813666667
