405 0.590102
415 0.569241666667
425 0.549252333333
435 0.529480666667
445 0.511947
455 0.493525333333
465 0.476114
475 0.461517666667
485 0.446642333333
495 0.433166666667
505 0.421334
515 0.411300333333
525 0.400878333333
535 0.392382666667
545 0.385103333333
555 0.379300333333
565 0.375204
575 0.372425333333
585 0.371119
595 0.372284
605 0.373364333333
615 0.377234666667
625 0.382409
635 0.389068666667
645 0.397221666667
655 0.407868333333
665 0.420395666667
675 0.434837333333
685 0.451149333333
695 0.469894666667
705 0.490038333333
715 0.511350666667
725 0.535173
735 0.561896666667
745 0.590003
755 0.621378666667
765 0.654465666667
775 0.689680666667
785 0.726592666667
795 0.766216666667
