405 0.811767
415 0.811220666667
425 0.810666666667
435 0.810973666667
445 0.814164333333
455 0.813552333333
465 0.811811666667
475 0.811349666667
485 0.811691666667
495 0.811639
505 0.811769666667
515 0.813880666667
525 0.811563
535 0.812395333333
545 0.811523333333
555 0.810301666667
565 0.81077
575 0.811663333333
585 0.811420666667
595 0.813222666667
605 0.810957
615 0.811884666667
625 0.811949
635 0.811204666667
645 0.811367666667
655 0.810513
665 0.811427666667
675 0.811
685 0.811130333333
695 0.811342333333
705 0.811179333333
715 0.811062333333
725 0.809698
735 0.811300333333
745 0.810947333333
755 0.811243333333
765 0.811569333333
775 0.811069666667
785 0.811052666667
795 0.811417333333
