405 0.281193333333
415 0.273669333333
425 0.265884666667
435 0.258157666667
445 0.251371333333
455 0.243849333333
465 0.235948
475 0.228832333333
485 0.221587
495 0.214636666667
505 0.208143
515 0.202124666667
525 0.195408333333
535 0.189381333333
545 0.183466333333
555 0.177785333333
565 0.172446333333
575 0.167545666667
585 0.162724
595 0.158588
605 0.153981666667
615 0.150184333333
625 0.146583333333
635 0.14326
645 0.140735666667
655 0.137878333333
665 0.135837666667
675 0.13422
685 0.132804666667
695 0.132025333333
705 0.131650666667
715 0.131293
725 0.131305666667
735 0.13219
745 0.133363333333
755 0.135018333333
765 0.13739
775 0.139925333333
785 0.142854333333
795 0.146400333333
