405 0.658648333333
415 0.647639
425 0.637206666667
435 0.626193666667
445 0.616945
455 0.605451
465 0.592871666667
475 0.581756666667
485 0.570216333333
495 0.559208666667
505 0.548279333333
515 0.538051333333
525 0.525903666667
535 0.515633
545 0.504484
555 0.493380666667
565 0.482851333333
575 0.472261333333
585 0.461806
595 0.452361666667
605 0.440875333333
615 0.431093333333
625 0.420902333333
635 0.410967
645 0.401328333333
655 0.391563
665 0.382333333333
675 0.372736333333
685 0.363622666667
695 0.355084
705 0.346223333333
715 0.337022333333
725 0.328702
735 0.320839333333
745 0.312591
755 0.304935333333
765 0.297448333333
775 0.290033666667
785 0.282627666667
795 0.275751666667
