405 0.762258333333
415 0.762346333333
425 0.762464666667
435 0.763455666667
445 0.767117
455 0.767141333333
465 0.766117
475 0.766214
485 0.767178333333
495 0.767601333333
505 0.76824
515 0.770727333333
525 0.768987333333
535 0.770278666667
545 0.769874666667
555 0.769147666667
565 0.770011666667
575 0.771278666667
585 0.771453
595 0.773563666667
605 0.771774
615 0.773028
625 0.773434
635 0.773069
645 0.773573666667
655 0.773054666667
665 0.774243
675 0.774143
685 0.774568
695 0.775021666667
705 0.775133666667
715 0.775339666667
725 0.774255
735 0.776100333333
745 0.776012
755 0.776539
765 0.777091666667
775 0.776833666667
785 0.777059333333
795 0.777658
