405 0.353627
415 0.342870333333
425 0.332270666667
435 0.321755666667
445 0.3124
455 0.302349666667
465 0.291833666667
475 0.282397
485 0.273039333333
495 0.264148666667
505 0.255477666667
515 0.248248666667
525 0.239893
535 0.232545333333
545 0.225417333333
555 0.218458333333
565 0.212355333333
575 0.206996333333
585 0.201460333333
595 0.197510666667
605 0.192867
615 0.189038
625 0.186126
635 0.183632333333
645 0.181681333333
655 0.180192666667
665 0.179449
675 0.179228
685 0.179932666667
695 0.181320333333
705 0.183121333333
715 0.185398333333
725 0.188413333333
735 0.192482333333
745 0.197181666667
755 0.202580666667
765 0.208852666667
775 0.21575
785 0.223252666667
795 0.231722666667
