405 1.52557
415 1.52331
425 1.52263666667
435 1.52157333333
445 1.52441333333
455 1.52173333333
465 1.51775
475 1.51616333333
485 1.51641
495 1.51531
505 1.51476666667
515 1.51772666667
525 1.51226333333
535 1.51361666667
545 1.51129666667
555 1.50820333333
565 1.50889333333
575 1.50976333333
585 1.50846333333
595 1.51087666667
605 1.50652666667
615 1.50693666667
625 1.50654
635 1.50477
645 1.50415333333
655 1.50222333333
665 1.50333333333
675 1.50248666667
685 1.50200333333
695 1.50333
705 1.50263333333
715 1.50048333333
725 1.49838
735 1.49975666667
745 1.49926
755 1.49928
765 1.49749
775 1.49696666667
785 1.49818666667
795 1.49748
