401 1.46955333333
410 1.52517666667
420 1.55479
430 1.58445
440 1.61904333333
450 1.64810666667
460 1.67583333333
470 1.70869
480 1.74007333333
490 1.77301333333
500 1.80786
510 1.84822
520 1.87969666667
530 1.91736
540 1.95328666667
550 1.98822666667
560 2.0293
570 2.06933
580 2.10653333333
590 2.15318
600 2.18973
610 2.23416333333
620 2.27462666667
630 2.31845666667
640 2.36354666667
650 2.40722333333
660 2.45632
670 2.50149333333
680 2.54999666667
690 2.60162
700 2.65048666667
710 2.69823333333
720 2.74607
730 2.79883333333
740 2.85284666667
750 2.90175666667
760 2.95687
770 3.01856
780 3.07374333333
790 3.12949
