405 1.20712666667
415 1.20650333333
425 1.20653666667
435 1.20645
445 1.21128
455 1.21106666667
465 1.20828666667
475 1.20750666667
485 1.20806
495 1.20807666667
505 1.20794
515 1.21115666667
525 1.20872333333
535 1.20944333333
545 1.20880333333
555 1.20664
565 1.20769
575 1.20905333333
585 1.20849
595 1.21101666667
605 1.20786333333
615 1.20899666667
625 1.20927
635 1.20815666667
645 1.20740666667
655 1.20713666667
665 1.20841666667
675 1.20819666667
685 1.20819
695 1.20895666667
705 1.20865666667
715 1.20864666667
725 1.20796333333
735 1.20845666667
745 1.20859333333
755 1.20884333333
765 1.20751666667
775 1.20738333333
785 1.20876666667
795 1.20882
