405 0.178609333333
415 0.179250666667
425 0.180051666667
435 0.180987
445 0.182318666667
455 0.182948
465 0.183358333333
475 0.183892333333
485 0.184759333333
495 0.185338
505 0.186034
515 0.187107
525 0.187199
535 0.188123666667
545 0.188642333333
555 0.188871
565 0.189584333333
575 0.190386
585 0.190796333333
595 0.191695
605 0.191733
615 0.192355
625 0.192916666667
635 0.193136333333
645 0.193379333333
655 0.193774333333
665 0.194499666667
675 0.194920333333
685 0.195371666667
695 0.195769
705 0.196116666667
715 0.196552666667
725 0.196787333333
735 0.197279333333
745 0.197646333333
755 0.198010666667
765 0.198229666667
775 0.198613333333
785 0.198962
795 0.199332333333
