405 0.499477666667
415 0.485453666667
425 0.471592
435 0.458192333333
445 0.445800666667
455 0.432187
465 0.417899333333
475 0.405229666667
485 0.392464333333
495 0.380133333333
505 0.368322333333
515 0.357568666667
525 0.345592
535 0.334614
545 0.323865333333
555 0.313482666667
565 0.304096
575 0.294923666667
585 0.285974
595 0.278353
605 0.269773333333
615 0.262533333333
625 0.255608666667
635 0.249124333333
645 0.243951666667
655 0.238333666667
665 0.233870333333
675 0.230106
685 0.226799666667
695 0.224431333333
705 0.222569666667
715 0.220943666667
725 0.220137333333
735 0.220361333333
745 0.220743
755 0.222260666667
765 0.224937333333
775 0.227859333333
785 0.231458333333
795 0.235753
