405 0.570262
415 0.570878
425 0.572394
435 0.573054666667
445 0.575531
455 0.575928333333
465 0.575817333333
475 0.576386333333
485 0.577638333333
495 0.57812
505 0.579017333333
515 0.581214666667
525 0.580128
535 0.581631666667
545 0.581804666667
555 0.581470666667
565 0.582537666667
575 0.58374
585 0.583820666667
595 0.585720666667
605 0.584547666667
615 0.585684333333
625 0.586124
635 0.586098333333
645 0.586948333333
655 0.586617333333
665 0.587225
675 0.58798
685 0.588438333333
695 0.588958
705 0.589420666667
715 0.589606333333
725 0.589594333333
735 0.590610333333
745 0.590773
755 0.591408666667
765 0.591869333333
775 0.592068333333
785 0.592144333333
795 0.592481333333
