405 0.410600333333
415 0.400268333333
425 0.390164
435 0.380006666667
445 0.371061666667
455 0.3608
465 0.350134666667
475 0.340476666667
485 0.330584666667
495 0.320905333333
505 0.311656666667
515 0.303509666667
525 0.293903333333
535 0.285201666667
545 0.276379333333
555 0.267716333333
565 0.259778
575 0.252255666667
585 0.244638
595 0.237989
605 0.230261666667
615 0.223689666667
625 0.217263666667
635 0.211085333333
645 0.205451
655 0.200041
665 0.195137
675 0.190226333333
685 0.185901666667
695 0.182287
705 0.178790666667
715 0.175421
725 0.172589333333
735 0.170355333333
745 0.168634666667
755 0.167232333333
765 0.166440333333
775 0.165816666667
785 0.165693666667
795 0.166093666667
