405 1.26989666667
415 1.26840333333
425 1.26745666667
435 1.26649333333
445 1.27068666667
455 1.26963
465 1.26591666667
475 1.2644
485 1.26419333333
495 1.26350666667
505 1.26271
515 1.26541666667
525 1.26222333333
535 1.26235
545 1.26109333333
555 1.25828666667
565 1.25882666667
575 1.25970333333
585 1.25859666667
595 1.26073666667
605 1.25695666667
615 1.25768
625 1.25747333333
635 1.25590333333
645 1.25466333333
655 1.25395333333
665 1.25492
675 1.25428333333
685 1.25386666667
695 1.25435
705 1.25361333333
715 1.25319666667
725 1.25222666667
735 1.25239333333
745 1.25220666667
755 1.25216666667
765 1.25055
775 1.2501
785 1.25117
795 1.25091666667
