405 1.27190333333
415 1.27585333333
425 1.28144666667
435 1.28661
445 1.29509666667
455 1.29963
465 1.29886
475 1.30778333333
485 1.31166666667
495 1.31782333333
505 1.32318333333
515 1.33183
525 1.33531
535 1.34161666667
545 1.3462
555 1.35057333333
565 1.35726
575 1.36359
585 1.36966333333
595 1.37854333333
605 1.38123
615 1.38842333333
625 1.39489
635 1.39988
645 1.40657666667
655 1.41234666667
665 1.41901666667
675 1.4248
685 1.43173666667
695 1.44019333333
705 1.44740333333
715 1.45167
725 1.45803333333
735 1.46577333333
745 1.47274666667
755 1.48028666667
765 1.48693333333
775 1.49475
785 1.50143333333
795 1.50904333333
