405 0.940934333333
415 0.941166333333
425 0.941757
435 0.943066666667
445 0.946825333333
455 0.946935
465 0.945795
475 0.945792333333
485 0.946945
495 0.947237333333
505 0.948052333333
515 0.950903
525 0.948907
535 0.950751
545 0.950924666667
555 0.949823
565 0.951020333333
575 0.952629333333
585 0.952564666667
595 0.954846333333
605 0.952850333333
615 0.954190333333
625 0.954966666667
635 0.954318666667
645 0.953884333333
655 0.954134666667
665 0.955679666667
675 0.955905
685 0.956444
695 0.957026666667
705 0.957184666667
715 0.957507333333
725 0.957309
735 0.957994333333
745 0.958286666667
755 0.958964
765 0.958917
775 0.959340666667
785 0.959530666667
795 0.960075
