405 0.720353
415 0.703804
425 0.688320666667
435 0.672037666667
445 0.658260666667
455 0.641997
465 0.625089333333
475 0.609879
485 0.594163
495 0.578951
505 0.561618666667
515 0.54845
525 0.534736
535 0.519925333333
545 0.506180333333
555 0.491981666667
565 0.478475
575 0.465172333333
585 0.451412333333
595 0.440022666667
605 0.426359666667
615 0.414567666667
625 0.40257
635 0.390727
645 0.379851333333
655 0.368841666667
665 0.358586666667
675 0.348215333333
685 0.338556333333
695 0.329762333333
705 0.321099333333
715 0.312342
725 0.304014
735 0.296830666667
745 0.289790333333
755 0.283433333333
765 0.277441666667
775 0.271606333333
785 0.266428333333
795 0.261922333333
