3.5 1.267674
8.5 1.231252
13.5 1.236742
18.5 1.252318
23.5 1.270214
28.5 1.291314
33.5 1.311582
38.5 1.332244
43.5 1.352906
48.5 1.373188
55 1.40022
65 1.43746
75 1.47353333333
85 1.50521333333
95 1.53311
105 1.55536
115 1.57057333333
125 1.58075666667
135 1.58524666667
145 1.58709
155 1.58593333333
165 1.58273666667
175 1.57844
185 1.57356666667
195 1.57109333333
205 1.57029666667
215 1.56548666667
225 1.56149333333
235 1.55856333333
245 1.55639333333
255 1.55363
265 1.55112666667
275 1.54859666667
285 1.54642666667
295 1.54386
305 1.54199666667
315 1.54007333333
325 1.53823333333
335 1.53596666667
345 1.53466666667
355 1.53296333333
365 1.53177333333
375 1.52977333333
385 1.52830333333
395 1.52696666667
