3.5 1.057602
8.5 1.077392
13.5 1.074564
18.5 1.072422
23.5 1.070978
28.5 1.069474
33.5 1.066716
38.5 1.06403
43.5 1.063282
48.5 1.06061
55 1.05701666667
65 1.05076666667
75 1.04361
85 1.03558
95 1.02960666667
105 1.02475333333
115 1.01859666667
125 1.01470333333
135 1.01106
145 1.01329333333
155 1.01573
165 1.01317333333
175 1.00936333333
185 1.00531
195 1.00048466667
205 0.995536666667
215 0.98488
225 0.975098333333
235 0.965764333333
245 0.954951666667
255 0.943009666667
265 0.930638
275 0.917513
285 0.903874333333
295 0.889947333333
305 0.875760666667
315 0.860880666667
325 0.845982666667
335 0.830902666667
345 0.81473
355 0.798263333333
365 0.784174333333
375 0.768184
385 0.751758666667
395 0.736215
