3.5 0.8414896
8.5 0.8532394
13.5 0.8553588
18.5 0.857922
23.5 0.8611046
28.5 0.8647126
33.5 0.8684828
38.5 0.872441
43.5 0.8775952
48.5 0.880947
55 0.887131333333
65 0.898865333333
75 0.910031666667
85 0.923102666667
95 0.937851333333
105 0.9505
115 0.961391666667
125 0.969643666667
135 0.977404
145 0.981131333333
155 0.986184666667
165 0.993399
175 1.00132
185 1.01181666667
195 1.02418333333
205 1.04206666667
215 1.06072333333
225 1.08137
235 1.10459666667
245 1.13305
255 1.15915333333
265 1.19109
275 1.22367333333
285 1.25813333333
295 1.29405333333
305 1.33237333333
315 1.37138666667
325 1.41363666667
335 1.45833666667
345 1.50243666667
355 1.54927333333
365 1.59941666667
375 1.65021666667
385 1.70159666667
395 1.75537333333
