3.5 1.157878
8.5 1.179492
13.5 1.174172
18.5 1.171456
23.5 1.168098
28.5 1.164796
33.5 1.1595
38.5 1.154896
43.5 1.151702
48.5 1.146044
55 1.13894
65 1.12674666667
75 1.11252
85 1.0984
95 1.08624666667
105 1.07463333333
115 1.06369666667
125 1.05763666667
135 1.05615666667
145 1.06083666667
155 1.06472333333
165 1.06092
175 1.05432333333
185 1.04783666667
195 1.03855
205 1.02858333333
215 1.01258666667
225 0.995613666667
235 0.977943
245 0.959452333333
255 0.937857
265 0.916163666667
275 0.893416
285 0.870848
295 0.847350333333
305 0.823243
315 0.799196666667
325 0.775201666667
335 0.751401333333
345 0.726962666667
355 0.70316
365 0.679953333333
375 0.656495333333
385 0.633672333333
395 0.611954333333
