3.5 0.947985
8.5 0.9273924
13.5 0.9268758
18.5 0.9280226
23.5 0.9286346
28.5 0.9318788
33.5 0.9338762
38.5 0.9353906
43.5 0.939148
48.5 0.9402266
55 0.944545333333
65 0.950997666667
75 0.957403666667
85 0.964578333333
95 0.972868666667
105 0.979961333333
115 0.985325666667
125 0.989982666667
135 0.992176666667
145 0.994033333333
155 0.995611666667
165 0.998573333333
175 1.002566
185 1.00874333333
195 1.01583
205 1.02513333333
215 1.03382666667
225 1.04457666667
235 1.05804666667
245 1.07270666667
255 1.08612
265 1.10276
275 1.11921
285 1.13708333333
295 1.15554666667
305 1.17529333333
315 1.19526333333
325 1.21686333333
335 1.23891666667
345 1.26086333333
355 1.28442
365 1.30844333333
375 1.33299
385 1.35778
395 1.38375333333
