3.5 1.048498
8.5 1.041146
13.5 1.048774
18.5 1.062764
23.5 1.077758
28.5 1.093802
33.5 1.10988
38.5 1.125628
43.5 1.140636
48.5 1.156198
55 1.17605
65 1.20349333333
75 1.22953
85 1.25261
95 1.27387333333
105 1.28976666667
115 1.30071333333
125 1.30770333333
135 1.31096
145 1.31247
155 1.31271333333
165 1.31093333333
175 1.30732666667
185 1.30415333333
195 1.30197333333
205 1.30171
215 1.29793333333
225 1.29544666667
235 1.29403
245 1.29327
255 1.29038
265 1.28861666667
275 1.28661333333
285 1.28525666667
295 1.28377333333
305 1.28237333333
315 1.28094
325 1.2793
335 1.27794333333
345 1.27614
355 1.27524
365 1.27481666667
375 1.27381
385 1.27246
395 1.27164666667
