3.5 2.090236
8.5 1.66183
13.5 1.38866
18.5 1.209636
23.5 1.075946
28.5 0.9687698
33.5 0.8777304
38.5 0.7999102
43.5 0.7322308
48.5 0.671611
55 0.599521666667
65 0.511315333333
75 0.438404
85 0.377761333333
95 0.327447
105 0.286195333333
115 0.253154
125 0.227299333333
135 0.208032333333
145 0.194165666667
155 0.184417333333
165 0.177689
175 0.173208333333
185 0.170309333333
195 0.168266
205 0.166605666667
215 0.165791333333
225 0.165371
235 0.165247666667
245 0.165339666667
255 0.165742333333
265 0.166248666667
275 0.167039333333
285 0.167807333333
295 0.168579
305 0.169441333333
315 0.170312
325 0.171260333333
335 0.172196333333
345 0.173183666667
355 0.174036666667
365 0.174940666667
375 0.175870333333
385 0.176785666667
395 0.177677
