3.5 1.475286
8.5 1.311346
13.5 1.19724
18.5 1.117004
23.5 1.054072
28.5 1.0014934
33.5 0.9546794
38.5 0.9135642
43.5 0.8766498
48.5 0.842899
55 0.800892666667
65 0.746913666667
75 0.700534
85 0.660931
95 0.627887666667
105 0.601131666667
115 0.579939666667
125 0.564707
135 0.554160333333
145 0.548359333333
155 0.545351333333
165 0.543695333333
175 0.543598666667
185 0.544165666667
195 0.545505333333
205 0.546226666667
215 0.547443
225 0.548376
235 0.549608333333
245 0.550938333333
255 0.552331666667
265 0.553619
275 0.554950666667
285 0.556369333333
295 0.557843333333
305 0.558863333333
315 0.560236666667
325 0.561708333333
335 0.563163333333
345 0.564080333333
355 0.565102
365 0.566538333333
375 0.567841666667
385 0.568624333333
395 0.569575333333
