3.5 1.210232
8.5 1.164098
13.5 1.107828
18.5 1.06675
23.5 1.033944
28.5 1.0061896
33.5 0.9806662
38.5 0.957722
43.5 0.936675
48.5 0.9174804
55 0.893076
65 0.860993
75 0.832611333333
85 0.80804
95 0.788157
105 0.772119
115 0.758681333333
125 0.749658333333
135 0.743511666667
145 0.740839333333
155 0.739647
165 0.739897333333
175 0.740096333333
185 0.740258333333
195 0.742122666667
205 0.744758
215 0.744702333333
225 0.745170333333
235 0.746589666667
245 0.748223333333
255 0.748632333333
265 0.749739666667
275 0.750313
285 0.751543333333
295 0.752821333333
305 0.753760666667
315 0.754641
325 0.755771333333
335 0.756886333333
345 0.757319
355 0.758291333333
365 0.759248333333
375 0.760088
385 0.760884
395 0.761572333333
