     405.000       0.106429E-02   0.194977E-04
     415.000       0.942507E-03   0.184254E-04
     425.000       0.878392E-03   0.243927E-04
     435.000       0.774279E-03   0.131658E-04
     445.000       0.674331E-03   0.146658E-04
     455.000       0.599006E-03   0.167211E-04
     465.000       0.518112E-03   0.268503E-04
     475.000       0.517905E-03   0.312171E-04
     485.000       0.436215E-03   0.218539E-04
     495.000       0.412596E-03   0.986293E-05
     505.000       0.355507E-03   0.865279E-05
     515.000       0.322307E-03   0.894898E-05
     525.000       0.293151E-03   0.839234E-05
     535.000       0.261225E-03   0.765722E-05
     545.000       0.243442E-03   0.651357E-05
     555.000       0.214656E-03   0.498718E-05
     565.000       0.211529E-03   0.641676E-05
     575.000       0.176638E-03   0.512351E-05
     585.000       0.159782E-03   0.430595E-05
     595.000       0.152613E-03   0.383804E-05
     605.000       0.130886E-03   0.646576E-05
     615.000       0.131699E-03   0.693111E-05
     625.000       0.115555E-03   0.474188E-05
     635.000       0.106015E-03   0.354990E-05
     645.000       0.975700E-04   0.365065E-05
     655.000       0.970283E-04   0.574663E-05
     665.000       0.776606E-04   0.500010E-05
     675.000       0.674801E-04   0.583911E-05
     685.000       0.799025E-04   0.548784E-05
     695.000       0.669262E-04   0.262488E-05
     705.000       0.523125E-04   0.287701E-05
     715.000       0.564796E-04   0.310920E-05
     725.000       0.544305E-04   0.550813E-05
     735.000       0.444797E-04   0.433851E-05
     745.000       0.436951E-04   0.234132E-05
     755.000       0.416328E-04   0.242016E-05
     765.000       0.348829E-04   0.229206E-05
     775.000       0.391023E-04   0.201808E-05
     785.000       0.397857E-04   0.967700E-05
     795.000       0.226986E-04   0.979102E-05
