3.5 1.501772
8.5 1.378736
13.5 1.269668
18.5 1.192922
23.5 1.131892
28.5 1.080742
33.5 1.034332
38.5 0.993207
43.5 0.9565234
48.5 0.9215908
55 0.877962
65 0.821519666667
75 0.770509666667
85 0.726148333333
95 0.688793333333
105 0.657815
115 0.632526333333
125 0.615319333333
135 0.604361333333
145 0.599343666667
155 0.596918
165 0.594442333333
175 0.591413333333
185 0.589195666667
195 0.586365666667
205 0.583187333333
215 0.577210333333
225 0.57135
235 0.565088
245 0.558675333333
255 0.551273333333
265 0.543762
275 0.535165
285 0.526591
295 0.518088666667
305 0.509026333333
315 0.499786666667
325 0.490720333333
335 0.481176666667
345 0.471214666667
355 0.461250333333
365 0.451503333333
375 0.441395333333
385 0.430894
395 0.420888333333
