3.5 1.412018
8.5 1.324756
13.5 1.22934
18.5 1.161442
23.5 1.10726
28.5 1.061886
33.5 1.020704
38.5 0.9835994
43.5 0.951353
48.5 0.9198896
55 0.881003
65 0.830216
75 0.784296
85 0.744874
95 0.711582
105 0.683151
115 0.661144
125 0.646357666667
135 0.635990666667
145 0.632108666667
155 0.629546666667
165 0.627320333333
175 0.625038
185 0.623427
195 0.621325333333
205 0.618414
215 0.613693666667
225 0.610039
235 0.605619
245 0.600855333333
255 0.594688333333
265 0.588749333333
275 0.582401
285 0.575917
295 0.569042333333
305 0.561780666667
315 0.554125666667
325 0.546534333333
335 0.538928
345 0.530657333333
355 0.522585333333
365 0.514210666667
375 0.505963
385 0.497276666667
395 0.488810333333
