3.5 0.8767742
8.5 0.8526278
13.5 0.8576312
18.5 0.8684052
23.5 0.881373
28.5 0.8952718
33.5 0.909817
38.5 0.9242776
43.5 0.9386734
48.5 0.9529204
55 0.972293666667
65 0.999421
75 1.02500333333
85 1.04794666667
95 1.06755
105 1.08312666667
115 1.09448333333
125 1.10186333333
135 1.10548333333
145 1.10616
155 1.10496
165 1.10280333333
175 1.09992333333
185 1.09689333333
195 1.09422666667
205 1.09206333333
215 1.08969
225 1.08752333333
235 1.08555666667
245 1.08368333333
255 1.08178
265 1.08001
275 1.0782
285 1.07654
295 1.07502333333
305 1.07357
315 1.07211333333
325 1.07072333333
335 1.06941
345 1.06812666667
355 1.06691666667
365 1.06578
375 1.06465333333
385 1.06357333333
395 1.06254
