3.5 1.042556
8.5 1.045396
13.5 1.05072
18.5 1.057204
23.5 1.06235
28.5 1.068082
33.5 1.070694
38.5 1.075024
43.5 1.079832
48.5 1.082024
55 1.08589
65 1.08993
75 1.09203333333
85 1.09200333333
95 1.09272333333
105 1.09216
115 1.09045666667
125 1.08934333333
135 1.08876
145 1.09094333333
155 1.09188666667
165 1.08936333333
175 1.08458666667
185 1.08067333333
195 1.0743
205 1.06833
215 1.05903
225 1.04824
235 1.03688666667
245 1.02790666667
255 1.0145
265 1.00162033333
275 0.987915
285 0.974180666667
295 0.960259666667
305 0.945445
315 0.930325333333
325 0.915162666667
335 0.899754
345 0.882361333333
355 0.867402
365 0.851960666667
375 0.835366666667
385 0.818885
395 0.803131666667
