3.5 1.563234
8.5 1.428798
13.5 1.307666
18.5 1.222068
23.5 1.154412
28.5 1.097628
33.5 1.046344
38.5 1.0002994
43.5 0.9601486
48.5 0.9223592
55 0.874738
65 0.812610333333
75 0.757008
85 0.708392666667
95 0.667157333333
105 0.633361666667
115 0.606258333333
125 0.587240666667
135 0.574908666667
145 0.570328333333
155 0.567807333333
165 0.563950666667
175 0.560166
185 0.557331666667
195 0.55385
205 0.549740333333
215 0.542434333333
225 0.535697333333
235 0.528425333333
245 0.520813333333
255 0.511748
265 0.503059666667
275 0.493232666667
285 0.483215333333
295 0.473268333333
305 0.463099333333
315 0.452251
325 0.441596333333
335 0.431001
345 0.419684666667
355 0.408235
365 0.397249333333
375 0.386680666667
385 0.375393333333
395 0.364549333333
