3.5 1.0198296
8.5 0.9883206
13.5 0.9975676
18.5 1.010052
23.5 1.022378
28.5 1.035528
33.5 1.047706
38.5 1.05941
43.5 1.07224
48.5 1.080884
55 1.09631333333
65 1.11574666667
75 1.13090333333
85 1.14504333333
95 1.15807333333
105 1.16742
115 1.17173666667
125 1.17589
135 1.17666666667
145 1.17877
155 1.17875
165 1.17464
175 1.17048666667
185 1.16604666667
195 1.16010666667
205 1.15523666667
215 1.14522333333
225 1.13590666667
235 1.12585666667
245 1.11676
255 1.10499
265 1.09399666667
275 1.08231666667
285 1.07038666667
295 1.05795333333
305 1.04495666667
315 1.03125333333
325 1.01773
335 1.00532766667
345 0.991291
355 0.977714333333
365 0.964254
375 0.950403333333
385 0.93614
395 0.922176666667
