3.5 0.837108
8.5 0.8231486
13.5 0.8239312
18.5 0.8240852
23.5 0.8248388
28.5 0.824935
33.5 0.8255362
38.5 0.8255394
43.5 0.8270576
48.5 0.826254
55 0.825315333333
65 0.826758
75 0.826313666667
85 0.824945666667
95 0.825010666667
105 0.824982333333
115 0.824129333333
125 0.823585333333
135 0.822707333333
145 0.823420333333
155 0.823671666667
165 0.822513666667
175 0.821678333333
185 0.821061666667
195 0.820133
205 0.820632333333
215 0.817778
225 0.814779
235 0.813146666667
245 0.811968333333
255 0.808994
265 0.806646333333
275 0.803340666667
285 0.800759666667
295 0.798366333333
305 0.795361
315 0.792669
325 0.789547
335 0.786717666667
345 0.783045
355 0.779897
365 0.776849
375 0.773443
385 0.769532
395 0.765189666667
