3.5 1.328576
8.5 1.276102
13.5 1.216262
18.5 1.170674
23.5 1.134436
28.5 1.102964
33.5 1.07314
38.5 1.046938
43.5 1.023218
48.5 0.999394
55 0.969423
65 0.929813666667
75 0.891989
85 0.859070333333
95 0.830904333333
105 0.806778333333
115 0.787189666667
125 0.774774
135 0.766387666667
145 0.765666666667
155 0.765517
165 0.762398333333
175 0.758889
185 0.756089666667
195 0.751652
205 0.747626666667
215 0.738745333333
225 0.730439
235 0.720692666667
245 0.711656666667
255 0.700431333333
265 0.689521
275 0.677523
285 0.664780666667
295 0.652044333333
305 0.639255666667
315 0.625369666667
325 0.611925333333
335 0.598663
345 0.584419666667
355 0.570322
365 0.556475
375 0.542311
385 0.527433333333
395 0.513477333333
