3.5 0.7756956
8.5 0.8027204
13.5 0.8024056
18.5 0.8027316
23.5 0.8035772
28.5 0.8048486
33.5 0.805579
38.5 0.8062326
43.5 0.8067684
48.5 0.8076698
55 0.808542
65 0.809397666667
75 0.810079
85 0.810626666667
95 0.811872666667
105 0.812895666667
115 0.812511666667
125 0.812746
135 0.812422333333
145 0.812880333333
155 0.813003333333
165 0.813358666667
175 0.812778333333
185 0.8118
195 0.812531
205 0.814204333333
215 0.812991333333
225 0.812341
235 0.812615666667
245 0.813159666667
255 0.812385333333
265 0.812352
275 0.811808333333
285 0.811902666667
295 0.812125333333
305 0.812053666667
315 0.811919333333
325 0.812070666667
335 0.812241
345 0.811735333333
355 0.811834333333
365 0.811985
375 0.811989666667
385 0.811966666667
395 0.811865333333
