3.5 1.158508
8.5 1.195862
13.5 1.192182
18.5 1.19204
23.5 1.19152
28.5 1.191792
33.5 1.190272
38.5 1.1905
43.5 1.19138
48.5 1.190158
55 1.18912333333
65 1.18988666667
75 1.19029666667
85 1.19105333333
95 1.19272666667
105 1.19398
115 1.19417
125 1.19446
135 1.19356333333
145 1.19361333333
155 1.19519
165 1.19562
175 1.19536333333
185 1.19706333333
195 1.19825333333
205 1.20203333333
215 1.20224333333
225 1.20389333333
235 1.2065
245 1.21015333333
255 1.21207333333
265 1.21535
275 1.21853666667
285 1.22183333333
295 1.22440666667
305 1.22834
315 1.23270333333
325 1.23676
335 1.24076333333
345 1.24444333333
355 1.24921
365 1.25401666667
375 1.25832333333
385 1.26211666667
395 1.26744
