3.5 1.218814
8.5 1.222512
13.5 1.219784
18.5 1.218074
23.5 1.216562
28.5 1.216254
33.5 1.215524
38.5 1.214954
43.5 1.213924
48.5 1.21386
55 1.21269
65 1.211
75 1.20983
85 1.20871
95 1.20932333333
105 1.2087
115 1.20758333333
125 1.20666
135 1.20584333333
145 1.20639
155 1.20747666667
165 1.20751666667
175 1.20660333333
185 1.20628666667
195 1.20668666667
205 1.20849
215 1.20696666667
225 1.20662
235 1.20718
245 1.20826666667
255 1.20727666667
265 1.20726666667
275 1.20699666667
285 1.20729666667
295 1.20736
305 1.20748
315 1.20751
325 1.20723666667
335 1.20718
345 1.20669333333
355 1.20700666667
365 1.20774
375 1.20787333333
385 1.20761666667
395 1.20780666667
