3.5 1.713758
8.5 1.514612
13.5 1.347538
18.5 1.23255
23.5 1.14405
28.5 1.070402
33.5 1.0049212
38.5 0.94851
43.5 0.8978386
48.5 0.8508802
55 0.793148666667
65 0.719423
75 0.654835333333
85 0.599870333333
95 0.553345666667
105 0.514419
115 0.483487
125 0.462191333333
135 0.446811666667
145 0.439456
155 0.435083
165 0.430091
175 0.426449
185 0.423906
195 0.420830666667
205 0.417943
215 0.41286
225 0.407821
235 0.402637
245 0.397379333333
255 0.391199
265 0.385340666667
275 0.378793
285 0.372236666667
295 0.365221666667
305 0.357938666667
315 0.350593
325 0.343245333333
335 0.336095
345 0.328318666667
355 0.320604666667
365 0.312969666667
375 0.305087666667
385 0.297091
395 0.288981
