3.5 1.528446
8.5 1.438442
13.5 1.369342
18.5 1.319266
23.5 1.27844
28.5 1.24333
33.5 1.211642
38.5 1.183186
43.5 1.157132
48.5 1.132938
55 1.10247333333
65 1.06283333333
75 1.02793333333
85 0.997719333333
95 0.972298666667
105 0.951839666667
115 0.936174333333
125 0.924944333333
135 0.917845
145 0.914081666667
155 0.912583666667
165 0.912476
175 0.913392333333
185 0.914800666667
195 0.916139333333
205 0.917222
215 0.918668
225 0.920048333333
235 0.921343666667
245 0.922643666667
255 0.924031666667
265 0.925369666667
275 0.926801666667
285 0.928121
295 0.929339666667
305 0.930526
315 0.931739
325 0.932911666667
335 0.934032666667
345 0.935136666667
355 0.936180666667
365 0.937169
375 0.938164
385 0.939118666667
395 0.940039
