3.5 1.210826
8.5 1.164492
13.5 1.130432
18.5 1.104292
23.5 1.082246
28.5 1.06327
33.5 1.045226
38.5 1.028672
43.5 1.013492
48.5 0.9981482
55 0.979866333333
65 0.954692666667
75 0.930389
85 0.908413333333
95 0.890668333333
105 0.875609333333
115 0.862805333333
125 0.854036666667
135 0.847962666667
145 0.847622333333
155 0.847847
165 0.846059333333
175 0.843363
185 0.841642
195 0.839301333333
205 0.835826333333
215 0.830527666667
225 0.824818
235 0.817953333333
245 0.811943
255 0.804138666667
265 0.797331
275 0.788224333333
285 0.779412666667
295 0.771559
305 0.761719666667
315 0.75202
325 0.742827
335 0.733550333333
345 0.723421666667
355 0.712680666667
365 0.702686
375 0.692036666667
385 0.680806333333
395 0.66962
